FL_DATE,ARR_FLIGHTS,ARR_DEL15,ARR_DEL_PCT,DEP_FLIGHTS,DEP_DEL15,DEP_DEL_PCT
2014-01-01,258,84.0,32.55813953488372,258,79.0,30.62015503875969
2014-01-02,283,192.0,67.84452296819788,283,134.0,47.34982332155477
2014-01-03,282,116.0,41.13475177304964,282,120.0,42.5531914893617
2014-01-04,266,182.0,68.42105263157895,266,180.0,67.66917293233082
2014-01-05,280,170.0,60.714285714285715,280,182.0,65.0
2014-01-06,268,106.0,39.55223880597015,268,113.0,42.16417910447761
2014-01-07,242,121.0,50.0,242,120.0,49.586776859504134
2014-01-08,247,107.0,43.31983805668016,247,112.0,45.34412955465587
2014-01-09,263,56.0,21.29277566539924,263,62.0,23.574144486692017
2014-01-10,263,88.0,33.460076045627375,263,71.0,26.99619771863118
2014-01-11,225,148.0,65.77777777777777,225,104.0,46.22222222222222
2014-01-12,253,50.0,19.76284584980237,253,68.0,26.877470355731226
2014-01-13,258,22.0,8.527131782945736,258,28.0,10.852713178294573
2014-01-14,240,31.0,12.916666666666666,240,30.0,12.5
2014-01-15,245,67.0,27.346938775510203,245,60.0,24.489795918367346
2014-01-16,261,50.0,19.157088122605366,261,43.0,16.47509578544061
2014-01-17,261,40.0,15.32567049808429,261,32.0,12.260536398467433
2014-01-18,225,20.0,8.88888888888889,225,21.0,9.333333333333334
2014-01-19,250,20.0,8.0,250,35.0,14.0
2014-01-20,258,30.0,11.627906976744185,258,36.0,13.953488372093023
2014-01-21,240,66.0,27.5,240,42.0,17.5
2014-01-22,245,89.0,36.326530612244895,245,97.0,39.59183673469388
2014-01-23,260,88.0,33.84615384615385,260,87.0,33.46153846153846
2014-01-24,262,40.0,15.267175572519085,262,49.0,18.702290076335878
2014-01-25,223,96.0,43.04932735426009,223,69.0,30.94170403587444
2014-01-26,254,86.0,33.85826771653543,254,55.0,21.653543307086615
2014-01-27,258,40.0,15.503875968992247,258,40.0,15.503875968992247
2014-01-28,238,28.0,11.764705882352942,238,18.0,7.563025210084033
2014-01-29,244,106.0,43.442622950819676,244,63.0,25.81967213114754
2014-01-30,263,91.0,34.60076045627376,263,60.0,22.813688212927758
2014-01-31,263,62.0,23.574144486692017,263,19.0,7.224334600760456
2014-02-01,224,26.0,11.607142857142858,224,23.0,10.267857142857142
2014-02-02,248,63.0,25.403225806451612,248,36.0,14.516129032258064
2014-02-03,261,178.0,68.19923371647509,261,143.0,54.78927203065134
2014-02-04,238,56.0,23.529411764705884,238,52.0,21.84873949579832
2014-02-05,242,59.0,24.380165289256198,242,47.0,19.421487603305785
2014-02-06,261,101.0,38.69731800766284,261,59.0,22.60536398467433
2014-02-07,261,65.0,24.904214559386972,261,43.0,16.47509578544061
2014-02-08,223,56.0,25.112107623318387,223,38.0,17.04035874439462
2014-02-09,254,105.0,41.338582677165356,254,63.0,24.80314960629921
2014-02-10,258,78.0,30.232558139534884,258,38.0,14.728682170542635
2014-02-11,238,26.0,10.92436974789916,238,22.0,9.243697478991596
2014-02-12,248,55.0,22.177419354838708,248,54.0,21.774193548387096
2014-02-13,276,120.0,43.47826086956522,276,92.0,33.333333333333336
2014-02-14,277,170.0,61.371841155234655,277,133.0,48.014440433213
2014-02-15,252,148.0,58.73015873015873,252,113.0,44.84126984126984
2014-02-16,266,114.0,42.857142857142854,266,110.0,41.35338345864662
2014-02-17,275,63.0,22.90909090909091,275,59.0,21.454545454545453
2014-02-18,269,109.0,40.520446096654275,269,80.0,29.739776951672862
2014-02-19,271,47.0,17.343173431734318,271,49.0,18.081180811808117
2014-02-20,276,35.0,12.681159420289855,276,41.0,14.855072463768115
2014-02-21,276,132.0,47.82608695652174,276,115.0,41.666666666666664
2014-02-22,252,88.0,34.92063492063492,252,79.0,31.349206349206348
2014-02-23,270,45.0,16.666666666666668,270,48.0,17.77777777777778
2014-02-24,274,63.0,22.99270072992701,274,46.0,16.78832116788321
2014-02-25,266,31.0,11.654135338345865,266,22.0,8.270676691729323
2014-02-26,265,99.0,37.35849056603774,265,74.0,27.92452830188679
2014-02-27,272,123.0,45.220588235294116,272,78.0,28.676470588235293
2014-02-28,272,118.0,43.38235294117647,272,92.0,33.8235294117647
2014-03-01,245,83.0,33.87755102040816,245,47.0,19.183673469387756
2014-03-02,273,66.0,24.175824175824175,273,50.0,18.315018315018314
2014-03-03,275,48.0,17.454545454545453,275,34.0,12.363636363636363
2014-03-04,270,49.0,18.14814814814815,270,35.0,12.962962962962964
2014-03-05,269,45.0,16.728624535315983,269,35.0,13.011152416356877
2014-03-06,279,59.0,21.14695340501792,279,46.0,16.487455197132615
2014-03-07,280,42.0,15.0,280,57.0,20.357142857142858
2014-03-08,254,34.0,13.385826771653543,254,36.0,14.173228346456693
2014-03-09,276,35.0,12.681159420289855,276,43.0,15.579710144927537
2014-03-10,280,30.0,10.714285714285714,280,42.0,15.0
2014-03-11,275,17.0,6.181818181818182,275,21.0,7.636363636363637
2014-03-12,274,51.0,18.613138686131386,274,49.0,17.883211678832115
2014-03-13,280,83.0,29.642857142857142,280,77.0,27.5
2014-03-14,280,56.0,20.0,280,60.0,21.428571428571427
2014-03-15,255,24.0,9.411764705882353,255,23.0,9.019607843137255
2014-03-16,277,54.0,19.494584837545126,277,40.0,14.440433212996389
2014-03-17,280,94.0,33.57142857142857,280,51.0,18.214285714285715
2014-03-18,273,29.0,10.622710622710622,273,28.0,10.256410256410257
2014-03-19,272,52.0,19.11764705882353,272,52.0,19.11764705882353
2014-03-20,279,50.0,17.921146953405017,279,40.0,14.336917562724015
2014-03-21,278,59.0,21.223021582733814,278,23.0,8.273381294964029
2014-03-22,253,50.0,19.76284584980237,253,31.0,12.25296442687747
2014-03-23,275,56.0,20.363636363636363,275,17.0,6.181818181818182
2014-03-24,277,24.0,8.664259927797834,277,12.0,4.332129963898917
2014-03-25,273,35.0,12.820512820512821,273,31.0,11.355311355311356
2014-03-26,272,50.0,18.38235294117647,272,37.0,13.602941176470589
2014-03-27,278,26.0,9.352517985611511,278,25.0,8.992805755395683
2014-03-28,278,72.0,25.899280575539567,278,63.0,22.66187050359712
2014-03-29,251,94.0,37.45019920318725,251,79.0,31.47410358565737
2014-03-30,274,114.0,41.605839416058394,274,101.0,36.86131386861314
2014-03-31,274,104.0,37.956204379562045,274,84.0,30.656934306569344
2014-04-01,272,60.0,22.058823529411764,272,37.0,13.602941176470589
2014-04-02,270,44.0,16.296296296296298,270,20.0,7.407407407407407
2014-04-03,279,30.0,10.75268817204301,279,27.0,9.67741935483871
2014-04-04,280,136.0,48.57142857142857,280,72.0,25.714285714285715
2014-04-05,252,58.0,23.015873015873016,252,31.0,12.301587301587302
2014-04-06,275,65.0,23.636363636363637,275,37.0,13.454545454545455
2014-04-07,278,63.0,22.66187050359712,278,39.0,14.028776978417266
2014-04-08,272,123.0,45.220588235294116,272,64.0,23.529411764705884
2014-04-09,270,34.0,12.592592592592593,270,18.0,6.666666666666667
2014-04-10,279,37.0,13.261648745519713,279,33.0,11.827956989247312
2014-04-11,280,56.0,20.0,280,39.0,13.928571428571429
2014-04-12,259,18.0,6.94980694980695,259,23.0,8.88030888030888
2014-04-13,275,56.0,20.363636363636363,275,48.0,17.454545454545453
2014-04-14,278,50.0,17.985611510791365,278,49.0,17.62589928057554
2014-04-15,277,149.0,53.79061371841155,277,116.0,41.87725631768953
2014-04-16,277,79.0,28.51985559566787,277,53.0,19.133574007220215
2014-04-17,279,48.0,17.204301075268816,279,39.0,13.978494623655914
2014-04-18,279,25.0,8.960573476702509,279,23.0,8.243727598566307
2014-04-19,257,20.0,7.782101167315175,257,19.0,7.392996108949417
2014-04-20,273,22.0,8.058608058608058,273,30.0,10.989010989010989
2014-04-21,278,20.0,7.194244604316546,278,23.0,8.273381294964029
2014-04-22,278,21.0,7.553956834532374,278,26.0,9.352517985611511
2014-04-23,277,66.0,23.826714801444044,277,47.0,16.967509025270758
2014-04-24,280,58.0,20.714285714285715,280,43.0,15.357142857142858
2014-04-25,281,49.0,17.437722419928825,281,37.0,13.167259786476869
2014-04-26,258,82.0,31.782945736434108,258,41.0,15.891472868217054
2014-04-27,276,77.0,27.89855072463768,276,42.0,15.217391304347826
2014-04-28,277,22.0,7.9422382671480145,277,33.0,11.913357400722022
2014-04-29,272,52.0,19.11764705882353,272,43.0,15.808823529411764
2014-04-30,268,108.0,40.298507462686565,268,78.0,29.104477611940297
2014-05-01,276,120.0,43.47826086956522,276,116.0,42.028985507246375
2014-05-02,279,73.0,26.164874551971327,279,51.0,18.27956989247312
2014-05-03,252,46.0,18.253968253968253,252,33.0,13.095238095238095
2014-05-04,275,64.0,23.272727272727273,275,53.0,19.272727272727273
2014-05-05,277,33.0,11.913357400722022,277,40.0,14.440433212996389
2014-05-06,273,35.0,12.820512820512821,273,26.0,9.523809523809524
2014-05-07,272,40.0,14.705882352941176,272,44.0,16.176470588235293
2014-05-08,276,89.0,32.2463768115942,276,70.0,25.36231884057971
2014-05-09,278,37.0,13.309352517985612,278,41.0,14.748201438848922
2014-05-10,248,94.0,37.903225806451616,248,58.0,23.387096774193548
2014-05-11,268,45.0,16.791044776119403,268,40.0,14.925373134328359
2014-05-12,275,62.0,22.545454545454547,275,36.0,13.090909090909092
2014-05-13,272,78.0,28.676470588235293,272,86.0,31.61764705882353
2014-05-14,274,39.0,14.233576642335766,274,53.0,19.343065693430656
2014-05-15,278,124.0,44.60431654676259,278,89.0,32.014388489208635
2014-05-16,282,131.0,46.45390070921986,282,110.0,39.00709219858156
2014-05-17,259,46.0,17.76061776061776,259,47.0,18.146718146718147
2014-05-18,277,41.0,14.8014440433213,277,43.0,15.52346570397112
2014-05-19,281,36.0,12.811387900355871,281,31.0,11.03202846975089
2014-05-20,278,19.0,6.83453237410072,278,24.0,8.633093525179856
2014-05-21,280,65.0,23.214285714285715,280,35.0,12.5
2014-05-22,283,188.0,66.43109540636043,283,113.0,39.92932862190813
2014-05-23,284,113.0,39.7887323943662,284,94.0,33.098591549295776
2014-05-24,261,36.0,13.793103448275861,261,50.0,19.157088122605366
2014-05-25,259,18.0,6.94980694980695,259,35.0,13.513513513513514
2014-05-26,279,35.0,12.544802867383513,279,40.0,14.336917562724015
2014-05-27,278,102.0,36.69064748201439,278,71.0,25.53956834532374
2014-05-28,281,57.0,20.284697508896798,281,69.0,24.555160142348754
2014-05-29,283,52.0,18.374558303886925,283,50.0,17.6678445229682
2014-05-30,283,26.0,9.187279151943462,283,41.0,14.487632508833922
2014-05-31,259,25.0,9.652509652509652,259,40.0,15.444015444015443
2014-06-01,276,16.0,5.797101449275362,276,34.0,12.318840579710145
2014-06-02,280,26.0,9.285714285714286,280,31.0,11.071428571428571
2014-06-03,275,91.0,33.09090909090909,275,63.0,22.90909090909091
2014-06-04,280,43.0,15.357142857142858,280,32.0,11.428571428571429
2014-06-05,289,60.0,20.761245674740483,289,42.0,14.53287197231834
2014-06-06,286,37.0,12.937062937062937,286,29.0,10.13986013986014
2014-06-07,257,33.0,12.84046692607004,257,29.0,11.284046692607005
2014-06-08,286,81.0,28.321678321678323,286,61.0,21.32867132867133
2014-06-09,286,126.0,44.05594405594405,286,82.0,28.67132867132867
2014-06-10,280,54.0,19.285714285714285,280,64.0,22.857142857142858
2014-06-11,288,203.0,70.48611111111111,288,109.0,37.84722222222222
2014-06-12,290,74.0,25.517241379310345,290,49.0,16.896551724137932
2014-06-13,290,157.0,54.13793103448276,290,104.0,35.86206896551724
2014-06-14,262,52.0,19.84732824427481,262,47.0,17.938931297709924
2014-06-15,289,39.0,13.494809688581315,289,52.0,17.993079584775085
2014-06-16,291,69.0,23.711340206185568,291,52.0,17.869415807560138
2014-06-17,286,30.0,10.48951048951049,286,45.0,15.734265734265735
2014-06-18,289,37.0,12.802768166089965,289,47.0,16.262975778546714
2014-06-19,296,53.0,17.905405405405407,296,55.0,18.58108108108108
2014-06-20,295,73.0,24.74576271186441,295,53.0,17.966101694915253
2014-06-21,272,35.0,12.867647058823529,272,34.0,12.5
2014-06-22,295,62.0,21.016949152542374,295,56.0,18.983050847457626
2014-06-23,295,75.0,25.423728813559322,295,47.0,15.932203389830509
2014-06-24,294,48.0,16.3265306122449,294,37.0,12.585034013605442
2014-06-25,294,121.0,41.156462585034014,294,101.0,34.35374149659864
2014-06-26,297,74.0,24.915824915824917,297,83.0,27.946127946127945
2014-06-27,296,59.0,19.93243243243243,296,65.0,21.95945945945946
2014-06-28,273,40.0,14.652014652014651,273,48.0,17.582417582417584
2014-06-29,296,56.0,18.91891891891892,296,70.0,23.64864864864865
2014-06-30,296,48.0,16.216216216216218,296,49.0,16.554054054054053
2014-07-01,295,73.0,24.74576271186441,295,67.0,22.71186440677966
2014-07-02,299,104.0,34.78260869565217,299,94.0,31.438127090301002
2014-07-03,298,130.0,43.624161073825505,298,113.0,37.919463087248324
2014-07-04,266,118.0,44.3609022556391,266,126.0,47.36842105263158
2014-07-05,276,63.0,22.82608695652174,276,78.0,28.26086956521739
2014-07-06,297,53.0,17.845117845117844,297,51.0,17.171717171717173
2014-07-07,297,53.0,17.845117845117844,297,42.0,14.141414141414142
2014-07-08,296,104.0,35.13513513513514,296,83.0,28.04054054054054
2014-07-09,296,112.0,37.83783783783784,296,91.0,30.743243243243242
2014-07-10,298,94.0,31.543624161073826,298,79.0,26.51006711409396
2014-07-11,298,24.0,8.053691275167786,298,34.0,11.409395973154362
2014-07-12,274,49.0,17.883211678832115,274,52.0,18.978102189781023
2014-07-13,297,117.0,39.39393939393939,297,106.0,35.69023569023569
2014-07-14,298,106.0,35.57046979865772,298,81.0,27.181208053691275
2014-07-15,295,120.0,40.67796610169491,295,106.0,35.932203389830505
2014-07-16,297,110.0,37.03703703703704,297,113.0,38.04713804713805
2014-07-17,298,84.0,28.187919463087248,298,76.0,25.503355704697988
2014-07-18,298,33.0,11.073825503355705,298,42.0,14.093959731543624
2014-07-19,274,33.0,12.043795620437956,274,34.0,12.408759124087592
2014-07-20,298,52.0,17.449664429530202,298,46.0,15.436241610738255
2014-07-21,298,80.0,26.845637583892618,298,73.0,24.496644295302012
2014-07-22,295,31.0,10.508474576271187,295,37.0,12.542372881355933
2014-07-23,296,97.0,32.770270270270274,296,74.0,25.0
2014-07-24,298,111.0,37.24832214765101,298,76.0,25.503355704697988
2014-07-25,297,41.0,13.804713804713804,297,49.0,16.4983164983165
2014-07-26,274,65.0,23.722627737226276,274,64.0,23.357664233576642
2014-07-27,297,173.0,58.24915824915825,297,109.0,36.7003367003367
2014-07-28,297,93.0,31.31313131313131,297,80.0,26.936026936026938
2014-07-29,296,56.0,18.91891891891892,296,43.0,14.527027027027026
2014-07-30,296,154.0,52.027027027027025,296,85.0,28.716216216216218
2014-07-31,298,43.0,14.429530201342281,298,33.0,11.073825503355705
2014-08-01,298,130.0,43.624161073825505,298,99.0,33.22147651006711
2014-08-02,274,65.0,23.722627737226276,274,51.0,18.613138686131386
2014-08-03,297,109.0,36.7003367003367,297,87.0,29.292929292929294
2014-08-04,298,82.0,27.516778523489933,298,62.0,20.80536912751678
2014-08-05,296,55.0,18.58108108108108,296,60.0,20.27027027027027
2014-08-06,297,62.0,20.875420875420875,297,49.0,16.4983164983165
2014-08-07,299,39.0,13.043478260869565,299,40.0,13.377926421404682
2014-08-08,300,42.0,14.0,300,48.0,16.0
2014-08-09,275,49.0,17.818181818181817,275,52.0,18.90909090909091
2014-08-10,297,44.0,14.814814814814815,297,66.0,22.22222222222222
2014-08-11,298,57.0,19.12751677852349,298,74.0,24.83221476510067
2014-08-12,296,95.0,32.0945945945946,296,89.0,30.06756756756757
2014-08-13,297,105.0,35.35353535353536,297,95.0,31.986531986531986
2014-08-14,299,30.0,10.033444816053512,299,34.0,11.37123745819398
2014-08-15,300,55.0,18.333333333333332,300,65.0,21.666666666666668
2014-08-16,275,62.0,22.545454545454547,275,46.0,16.727272727272727
2014-08-17,297,60.0,20.2020202020202,297,50.0,16.835016835016834
2014-08-18,297,60.0,20.2020202020202,297,33.0,11.11111111111111
2014-08-19,294,51.0,17.346938775510203,294,43.0,14.625850340136054
2014-08-20,294,77.0,26.19047619047619,294,54.0,18.367346938775512
2014-08-21,296,98.0,33.108108108108105,296,73.0,24.66216216216216
2014-08-22,297,75.0,25.252525252525253,297,77.0,25.925925925925927
2014-08-23,274,103.0,37.59124087591241,274,75.0,27.37226277372263
2014-08-24,294,22.0,7.482993197278912,294,27.0,9.183673469387756
2014-08-25,295,31.0,10.508474576271187,295,38.0,12.88135593220339
2014-08-26,293,51.0,17.406143344709896,293,42.0,14.334470989761092
2014-08-27,295,75.0,25.423728813559322,295,53.0,17.966101694915253
2014-08-28,295,63.0,21.35593220338983,295,36.0,12.203389830508474
2014-08-29,296,29.0,9.797297297297296,296,37.0,12.5
2014-08-30,264,21.0,7.954545454545454,264,18.0,6.818181818181818
2014-08-31,273,62.0,22.71062271062271,273,39.0,14.285714285714286
2014-09-01,290,64.0,22.06896551724138,290,29.0,10.0
2014-09-02,285,85.0,29.82456140350877,285,49.0,17.19298245614035
2014-09-03,266,16.0,6.015037593984962,266,14.0,5.2631578947368425
2014-09-04,274,26.0,9.489051094890511,274,25.0,9.124087591240876
2014-09-05,272,48.0,17.647058823529413,272,37.0,13.602941176470589
2014-09-06,253,109.0,43.08300395256917,253,43.0,16.99604743083004
2014-09-07,280,58.0,20.714285714285715,280,40.0,14.285714285714286
2014-09-08,283,105.0,37.102473498233216,283,51.0,18.021201413427562
2014-09-09,274,46.0,16.78832116788321,274,16.0,5.839416058394161
2014-09-10,277,29.0,10.469314079422382,277,25.0,9.025270758122744
2014-09-11,275,60.0,21.818181818181817,275,34.0,12.363636363636363
2014-09-12,284,35.0,12.32394366197183,284,24.0,8.450704225352112
2014-09-13,257,36.0,14.007782101167315,257,28.0,10.894941634241246
2014-09-14,279,40.0,14.336917562724015,279,27.0,9.67741935483871
2014-09-15,283,52.0,18.374558303886925,283,20.0,7.067137809187279
2014-09-16,275,20.0,7.2727272727272725,275,29.0,10.545454545454545
2014-09-17,277,15.0,5.415162454873646,277,21.0,7.581227436823105
2014-09-18,287,26.0,9.059233449477352,287,33.0,11.498257839721255
2014-09-19,285,35.0,12.280701754385966,285,32.0,11.228070175438596
2014-09-20,256,61.0,23.828125,256,72.0,28.125
2014-09-21,281,56.0,19.9288256227758,281,40.0,14.234875444839858
2014-09-22,284,75.0,26.408450704225352,284,45.0,15.845070422535212
2014-09-23,274,14.0,5.109489051094891,274,11.0,4.014598540145985
2014-09-24,277,39.0,14.07942238267148,277,46.0,16.60649819494585
2014-09-25,278,90.0,32.37410071942446,278,69.0,24.820143884892087
2014-09-26,277,26.0,9.386281588447654,277,24.0,8.664259927797834
2014-09-27,254,15.0,5.905511811023622,254,29.0,11.417322834645669
2014-09-28,282,24.0,8.51063829787234,282,40.0,14.184397163120567
2014-09-29,284,38.0,13.380281690140846,284,34.0,11.971830985915492
2014-09-30,272,51.0,18.75,272,46.0,16.91176470588235
2014-10-01,283,39.0,13.780918727915195,283,37.0,13.074204946996467
2014-10-02,288,105.0,36.458333333333336,288,72.0,25.0
2014-10-03,290,51.0,17.586206896551722,290,50.0,17.24137931034483
2014-10-04,259,102.0,39.38223938223938,259,94.0,36.293436293436294
2014-10-05,283,52.0,18.374558303886925,283,40.0,14.134275618374557
2014-10-06,287,44.0,15.331010452961673,287,32.0,11.149825783972126
2014-10-07,282,80.0,28.368794326241133,282,34.0,12.056737588652481
2014-10-08,286,42.0,14.685314685314685,286,26.0,9.090909090909092
2014-10-09,290,61.0,21.03448275862069,290,51.0,17.586206896551722
2014-10-10,289,60.0,20.761245674740483,289,56.0,19.377162629757784
2014-10-11,264,34.0,12.878787878787879,264,25.0,9.469696969696969
2014-10-12,283,27.0,9.540636042402827,283,20.0,7.067137809187279
2014-10-13,288,104.0,36.111111111111114,288,64.0,22.22222222222222
2014-10-14,282,43.0,15.24822695035461,282,49.0,17.375886524822697
2014-10-15,286,91.0,31.818181818181817,286,61.0,21.32867132867133
2014-10-16,288,92.0,31.944444444444443,288,77.0,26.73611111111111
2014-10-17,289,32.0,11.07266435986159,289,34.0,11.764705882352942
2014-10-18,260,39.0,15.0,260,27.0,10.384615384615385
2014-10-19,283,50.0,17.6678445229682,283,53.0,18.72791519434629
2014-10-20,286,21.0,7.3426573426573425,286,33.0,11.538461538461538
2014-10-21,281,37.0,13.167259786476869,281,59.0,20.99644128113879
2014-10-22,285,167.0,58.59649122807018,285,152.0,53.333333333333336
2014-10-23,289,76.0,26.29757785467128,289,82.0,28.37370242214533
2014-10-24,286,23.0,8.041958041958042,286,30.0,10.48951048951049
2014-10-25,260,30.0,11.538461538461538,260,30.0,11.538461538461538
2014-10-26,275,62.0,22.545454545454547,275,28.0,10.181818181818182
2014-10-27,276,19.0,6.884057971014493,276,21.0,7.608695652173913
2014-10-28,259,14.0,5.405405405405405,259,13.0,5.019305019305019
2014-10-29,259,8.0,3.088803088803089,259,15.0,5.7915057915057915
2014-10-30,270,9.0,3.3333333333333335,270,16.0,5.925925925925926
2014-10-31,260,13.0,5.0,260,22.0,8.461538461538462
2014-11-01,242,39.0,16.115702479338843,242,47.0,19.421487603305785
2014-11-02,273,54.0,19.78021978021978,273,44.0,16.117216117216117
2014-11-03,275,18.0,6.545454545454546,275,22.0,8.0
2014-11-04,264,16.0,6.0606060606060606,264,20.0,7.575757575757576
2014-11-05,265,24.0,9.056603773584905,265,20.0,7.547169811320755
2014-11-06,281,59.0,20.99644128113879,281,49.0,17.437722419928825
2014-11-07,277,72.0,25.9927797833935,277,43.0,15.52346570397112
2014-11-08,245,15.0,6.122448979591836,245,18.0,7.346938775510204
2014-11-09,275,25.0,9.090909090909092,275,14.0,5.090909090909091
2014-11-10,273,25.0,9.157509157509157,273,24.0,8.791208791208792
2014-11-11,263,15.0,5.7034220532319395,263,12.0,4.562737642585551
2014-11-12,268,28.0,10.447761194029852,268,15.0,5.597014925373134
2014-11-13,279,49.0,17.56272401433692,279,34.0,12.186379928315413
2014-11-14,276,52.0,18.840579710144926,276,25.0,9.057971014492754
2014-11-15,244,25.0,10.245901639344263,244,19.0,7.786885245901639
2014-11-16,275,43.0,15.636363636363637,275,32.0,11.636363636363637
2014-11-17,273,99.0,36.26373626373626,273,87.0,31.86813186813187
2014-11-18,266,79.0,29.69924812030075,266,28.0,10.526315789473685
2014-11-19,268,55.0,20.52238805970149,268,41.0,15.298507462686567
2014-11-20,290,43.0,14.827586206896552,290,41.0,14.137931034482758
2014-11-21,289,56.0,19.377162629757784,289,48.0,16.608996539792386
2014-11-22,265,33.0,12.452830188679245,265,32.0,12.075471698113208
2014-11-23,271,24.0,8.85608856088561,271,31.0,11.439114391143912
2014-11-24,267,74.0,27.715355805243444,267,68.0,25.46816479400749
2014-11-25,290,91.0,31.379310344827587,290,47.0,16.20689655172414
2014-11-26,288,162.0,56.25,288,113.0,39.236111111111114
2014-11-27,211,22.0,10.42654028436019,211,18.0,8.530805687203792
2014-11-28,247,20.0,8.097165991902834,247,20.0,8.097165991902834
2014-11-29,281,40.0,14.234875444839858,281,35.0,12.455516014234876
2014-11-30,295,77.0,26.10169491525424,295,67.0,22.71186440677966
2014-12-01,289,88.0,30.44982698961938,289,45.0,15.570934256055363
2014-12-02,270,125.0,46.2962962962963,270,80.0,29.62962962962963
2014-12-03,261,73.0,27.96934865900383,261,49.0,18.773946360153257
2014-12-04,275,50.0,18.181818181818183,275,34.0,12.363636363636363
2014-12-05,277,46.0,16.60649819494585,277,45.0,16.24548736462094
2014-12-06,237,21.0,8.860759493670885,237,33.0,13.924050632911392
2014-12-07,274,25.0,9.124087591240876,274,41.0,14.963503649635037
2014-12-08,271,43.0,15.867158671586715,271,39.0,14.391143911439114
2014-12-09,254,77.0,30.31496062992126,254,91.0,35.826771653543304
2014-12-10,258,122.0,47.286821705426355,258,98.0,37.98449612403101
2014-12-11,277,59.0,21.299638989169676,277,83.0,29.96389891696751
2014-12-12,278,22.0,7.913669064748201,278,58.0,20.863309352517987
2014-12-13,239,11.0,4.602510460251046,239,28.0,11.715481171548117
2014-12-14,274,12.0,4.37956204379562,274,31.0,11.313868613138686
2014-12-15,273,29.0,10.622710622710622,273,44.0,16.117216117216117
2014-12-16,261,29.0,11.11111111111111,261,36.0,13.793103448275861
2014-12-17,267,28.0,10.486891385767791,267,31.0,11.610486891385769
2014-12-18,298,65.0,21.812080536912752,298,66.0,22.14765100671141
2014-12-19,296,74.0,25.0,296,76.0,25.675675675675677
2014-12-20,280,55.0,19.642857142857142,280,55.0,19.642857142857142
2014-12-21,302,74.0,24.503311258278146,302,82.0,27.1523178807947
2014-12-22,305,82.0,26.885245901639344,305,73.0,23.934426229508198
2014-12-23,300,87.0,29.0,300,92.0,30.666666666666668
2014-12-24,265,122.0,46.0377358490566,265,79.0,29.81132075471698
2014-12-25,261,51.0,19.54022988505747,261,33.0,12.64367816091954
2014-12-26,300,35.0,11.666666666666666,300,32.0,10.666666666666666
2014-12-27,281,63.0,22.419928825622776,281,45.0,16.01423487544484
2014-12-28,302,87.0,28.807947019867548,302,38.0,12.582781456953642
2014-12-29,302,70.0,23.178807947019866,302,34.0,11.258278145695364
2014-12-30,299,96.0,32.10702341137124,299,49.0,16.387959866220736
2014-12-31,263,40.0,15.209125475285171,263,32.0,12.167300380228136
